   0.0000000e+00   0.0000000e+00   0.0000000e+00   0.0000000e+00   0.0000000e+00   0.0000000e+00
  -2.6890956e-02  -8.5482083e-03  -5.4463731e-02  -7.5403438e-05   5.5846921e-04   3.7732762e-04
  -3.4756174e-03  -1.7282847e-02  -1.9548606e-02   1.9581370e-04   2.0650070e-04   3.5820927e-04
  -2.6366988e-02  -3.0547351e-02  -4.7376925e-02   3.5552100e-04   4.3201813e-04   3.1240471e-05
  -4.1744262e-03  -6.7401715e-03  -6.1790891e-03   5.9961470e-04   4.2556061e-04   4.7884663e-06
  -8.6040767e-03  -1.4018214e-02  -4.8766889e-02   5.8407031e-04   4.2137728e-04   3.1106759e-04
   9.0096605e-04  -2.3618338e-02  -7.6438824e-03   8.8931891e-05   3.0608893e-04  -3.1366185e-04
   9.4038655e-03  -4.3406952e-02   2.0791613e-03  -1.7660829e-04   4.8805398e-05  -2.3066269e-04
   3.7461840e-02  -3.8250100e-02  -3.7159719e-04  -2.5418972e-04  -3.3372559e-04   1.9166008e-04
   1.3920452e-02  -2.2697282e-02  -3.4341942e-02   2.3611489e-06  -3.0823855e-04   1.4720145e-04
   2.8473539e-02  -1.9407094e-02   4.6985761e-03  -7.5019525e-04  -5.2791299e-04  -1.5027719e-04
   6.3975844e-02  -4.6188705e-02   2.6541324e-02  -1.2388618e-03  -1.0622455e-03   3.8063455e-04
   4.6696728e-02  -3.4561645e-02   1.5359779e-02  -1.1620983e-03  -6.8618239e-04   2.5673770e-04
   4.3985290e-02   1.5610636e-02  -3.8805040e-02  -1.1926644e-03  -7.7235217e-04  -2.5150852e-04
   6.5919969e-02   1.8057655e-02  -2.5437332e-02  -9.5574619e-04  -1.0062949e-03  -1.6090859e-04
   7.1748436e-02  -4.6732972e-02   1.3393585e-02   1.1531547e-04  -1.0513863e-03   6.1100578e-05
   6.1056932e-02  -9.1669860e-02   8.2396470e-04   7.4832045e-04  -8.0429081e-04   1.2927249e-04
   6.1659903e-02  -8.1170718e-02   1.5038462e-02  -3.2264978e-04  -9.2040193e-04   1.6949612e-04
   7.6625343e-02  -7.8377364e-02   1.9428266e-02  -1.2325506e-03  -1.3381961e-03   3.2722503e-04
   8.3531352e-02  -7.6519304e-02   2.0985557e-02  -1.1164645e-03  -1.9950226e-03  -4.0225975e-06
   7.1567397e-02  -7.2896334e-02   6.6542642e-02  -1.1187581e-03  -1.6791608e-03   7.2613169e-05
   7.9970180e-02  -1.3135591e-01   4.7084108e-02  -4.1104529e-04  -1.5576181e-03   3.6473194e-05
   5.6127021e-02  -1.6187566e-01   9.0581602e-02  -8.1970230e-05  -9.2539415e-04  -3.1340332e-04
   3.3787993e-02  -1.9086456e-01   5.4837015e-02  -1.2101132e-04  -9.0633926e-04  -9.1916279e-05
   5.7469922e-03  -1.7378135e-01   7.2744735e-02  -1.4138800e-04  -6.8392753e-04   1.0454067e-04
  -3.3298245e-02  -1.7783497e-01   5.0497688e-02   1.8910850e-04  -8.1763456e-05  -7.8699823e-05
  -1.1639482e-02  -1.8779114e-01  -3.6812497e-02   1.2955004e-03  -3.4186419e-04   3.4016343e-05
  -2.8727395e-02  -2.6256505e-01  -6.6461232e-03   2.7943469e-03   1.3463670e-04  -1.3063472e-04
  -3.3766053e-03  -2.3216158e-01   1.9302085e-02   1.4858178e-03   2.7146922e-04   1.3765779e-04
   9.8919825e-03  -2.4722742e-01   7.4206123e-03   9.6991629e-04  -1.3169353e-05   3.7949136e-04
  -4.5623772e-03  -2.2110482e-01   1.6478811e-02   2.1434908e-04  -3.3069703e-05   4.3139765e-04
   1.8711392e-02  -1.8188203e-01   1.9446828e-02   1.4245546e-04  -1.8502731e-04   3.4353394e-04
   5.0016256e-03  -2.0481834e-01   1.8343296e-02   5.1461352e-04  -3.6048886e-05   5.7010759e-04
   3.8378771e-03  -2.1318671e-01   1.0962733e-02  -1.6021259e-05   1.4135245e-04   1.0781926e-04
   4.3566867e-03  -1.6242701e-01   2.9702372e-02  -1.6172202e-03  -4.8529140e-04   1.3799092e-03
   4.3403682e-02  -2.0768288e-01   5.6584389e-02  -5.7250614e-04  -3.0216576e-04   1.5569708e-03
   8.4304283e-03  -2.3624252e-01   3.2209981e-02   6.0382225e-04   7.3714123e-04   1.4189568e-03
   1.7772346e-02  -1.8296631e-01   3.9256368e-03  -1.3186867e-04   5.5994607e-04   1.1570198e-03
   8.7068028e-03  -2.2192944e-01   4.8979490e-03   4.9998733e-04   1.1275407e-03   1.1774504e-03
  -1.4171517e-02  -2.1331282e-01  -1.2610772e-02  -4.0225380e-04   1.4553421e-03   1.6686826e-03
  -2.0223357e-02  -1.9055917e-01  -1.2961102e-02  -5.3954699e-04   1.5976947e-03   1.4478279e-03
  -3.7689758e-02  -1.5057193e-01   3.4355195e-02  -4.2579856e-04   2.4415024e-03   1.3292638e-03
  -4.1128669e-02  -1.6944598e-01   5.1728960e-02  -9.5862319e-04   2.5209827e-03   1.6555522e-03
  -3.7621500e-02  -3.1233436e-01   7.9148992e-02   4.5018624e-05   2.4456550e-03   1.6006307e-03
  -3.6641472e-02  -2.1322939e-01   8.3978574e-03  -1.1113577e-03   1.9044899e-03   1.7768296e-03
  -2.5024497e-02  -2.3160239e-01   1.1357235e-02  -1.7805247e-03   1.8799544e-03   2.5368934e-03
   2.9319877e-02  -2.1476970e-01  -8.3657482e-03  -2.3218491e-03   1.5507430e-03   3.3770249e-03
   3.5732430e-02  -2.7651604e-01  -2.6083160e-02  -2.0862774e-03   3.3284456e-03   4.3577016e-03
  -1.4448007e-03  -2.9571790e-01  -4.3663367e-02  -1.8305746e-03   4.5922044e-03   3.7695592e-03
   2.8418825e-02  -2.5128664e-01   1.2748750e-02  -1.0670484e-03   4.3007637e-03   3.6863720e-03
   3.4864082e-03  -2.7971632e-01  -2.8897050e-02  -5.3816088e-04   3.5205431e-03   3.7388947e-03
   7.5895104e-03  -2.9285959e-01   4.1369939e-02  -9.2250960e-04   3.5026322e-03   3.7881663e-03
  -2.0242389e-02  -2.5510225e-01   1.1168878e-02  -1.2587368e-03   3.6057400e-03   3.5566594e-03
  -3.6227076e-02  -2.7190473e-01  -5.2878449e-03  -9.6768442e-04   4.0951299e-03   3.6077749e-03
  -4.2334605e-02  -2.5850101e-01   1.5025816e-02  -9.7615234e-04   4.1252054e-03   3.5090444e-03
  -8.6047474e-02  -1.7290436e-01   8.9025476e-02  -2.1221788e-03   4.7108549e-03   2.7826633e-03
  -1.2959426e-01  -2.6663335e-01   9.4259485e-02  -1.0299793e-03   5.6435337e-03   2.5906275e-03
  -1.1957490e-01  -1.9602120e-01   5.9703925e-02  -2.1761714e-03   5.6728587e-03   3.5019219e-03
  -1.0776564e-01  -2.0443247e-01   1.1030926e-01  -2.0725244e-03   5.8562864e-03   3.5232155e-03
  -1.0798778e-01  -2.4314326e-01   5.8459311e-02  -1.7273399e-03   6.3946631e-03   4.5061195e-03
  -7.1180873e-02  -2.4025585e-01  -1.2064295e-03  -1.1960321e-03   6.7462112e-03   4.6924874e-03
  -9.5475857e-02  -1.9340737e-01  -4.8637519e-02  -1.1914132e-03   6.9093363e-03   3.5760852e-03
  -8.9535636e-02  -2.8930489e-01  -5.0309996e-02  -4.4583729e-04   6.6834539e-03   3.8136824e-03
  -7.2994947e-02  -3.1172299e-01  -4.1832159e-02  -5.8657801e-04   6.8972199e-03   4.7593779e-03
  -9.0803692e-02  -3.1483674e-01  -3.0888612e-02  -2.3546139e-04   7.1147776e-03   4.9282035e-03
  -6.2078190e-02  -3.0852258e-01  -3.9053928e-02  -2.4865691e-04   7.3214385e-03   4.8110536e-03
  -7.6128201e-02  -2.9705655e-01  -8.1875219e-02  -4.0921746e-04   7.2517203e-03   4.9026802e-03
  -9.3551398e-02  -2.9859640e-01  -8.5787816e-02  -5.2472355e-04   7.1516840e-03   4.2342456e-03
  -8.5307479e-02  -3.6258746e-01  -8.1012925e-02  -8.4340492e-04   6.9933363e-03   4.0405308e-03
  -7.0906324e-02  -2.1030248e-01  -9.6526903e-02  -2.2100417e-03   6.6857156e-03   4.3156308e-03
  -9.2081211e-02  -2.2937511e-01  -4.3089313e-02  -2.0653375e-03   6.2905801e-03   4.4897302e-03
  -9.3613632e-02  -2.6644203e-01  -2.2536749e-02  -1.2360242e-03   6.3993311e-03   4.5339172e-03
  -1.0237509e-01  -2.6474143e-01  -7.8422317e-02  -5.2812343e-04   6.2282068e-03   3.9823567e-03
  -1.3784680e-01  -3.3468563e-01  -5.5436767e-02  -4.4657021e-05   6.8008057e-03   3.4334631e-03
  -1.0589088e-01  -3.3036304e-01  -3.1111360e-02  -2.9598591e-04   6.9410786e-03   3.8945991e-03
  -1.0119474e-01  -3.0822818e-01  -4.3344435e-02  -6.0650100e-04   6.7028555e-03   3.6183828e-03
  -1.2066974e-01  -3.1518522e-01  -1.4332748e-02  -3.8916411e-04   6.5179625e-03   3.9796306e-03
  -1.3220158e-01  -2.5643219e-01   3.1174034e-02  -1.3023096e-03   6.0472510e-03   3.3934927e-03
  -1.4987873e-01  -2.9212716e-01   1.6925176e-02  -5.4541521e-04   6.3842974e-03   3.1952711e-03
  -1.7287112e-01  -2.9005221e-01   1.5819497e-02  -1.2217615e-03   6.7764555e-03   3.5179460e-03
  -1.6403874e-01  -2.9027824e-01   5.1642199e-03  -1.2427182e-03   6.7191535e-03   3.7019072e-03
  -1.7059026e-01  -3.1126232e-01   3.9676518e-02  -1.0299990e-03   6.7990646e-03   3.2958241e-03
  -1.5519952e-01  -2.8208639e-01   6.7406835e-02  -9.5568475e-04   6.5926081e-03   3.2029280e-03
  -1.3826633e-01  -1.9937824e-01   4.1979515e-02  -1.6356779e-03   6.0301199e-03   2.7241007e-03
