   0.0000000e+00   0.0000000e+00   0.0000000e+00   0.0000000e+00   0.0000000e+00   0.0000000e+00
   3.1479719e-04  -2.1260858e-02   6.7801228e-03   4.2381513e-04  -1.2296476e-04  -3.4724051e-04
   2.3511178e-02  -8.0148151e-03   3.4740214e-02   2.6257653e-04  -3.5365585e-04  -1.7979949e-05
   2.7045750e-02   9.3003712e-03   5.4312166e-02   6.7128555e-05  -5.6183006e-04  -3.8134912e-04
   2.2677359e-02   2.4362451e-03   4.8171565e-02   6.6949884e-04  -1.3186141e-04  -3.7389223e-04
   1.8417499e-02  -4.8534328e-03   5.5255200e-03   6.5204346e-04  -1.4061975e-04  -6.9872421e-05
   2.7745323e-02  -1.4463939e-02   4.6781024e-02   1.5855782e-04  -2.5203661e-04  -6.9261461e-04
   3.6268778e-02  -3.4362098e-02   5.6645362e-02  -1.0571455e-04  -5.0893890e-04  -6.0807874e-04
   6.4281091e-02  -2.9522925e-02   5.4153121e-02  -1.8048257e-04  -8.9107691e-04  -1.8634087e-04
   4.0797147e-02  -1.3782686e-02   2.0116763e-02   7.1800816e-05  -8.6726841e-04  -2.3042484e-04
   5.5243013e-02  -1.0532392e-02   5.9135613e-02  -6.8034309e-04  -1.0864821e-03  -5.2662369e-04
   9.0527093e-02  -3.7454248e-02   8.1122253e-02  -1.1644192e-03  -1.6149438e-03   3.8581414e-06
   7.3276763e-02  -2.5862212e-02   6.9888739e-02  -1.0888987e-03  -1.2386268e-03  -1.2088813e-04
   7.1179601e-02   2.4549288e-02   1.5738931e-02  -1.1233926e-03  -1.3409612e-03  -6.2904871e-04
   9.2989088e-02   2.7218384e-02   2.8881097e-02  -8.8674623e-04  -1.5709706e-03  -5.3778482e-04
   9.8702453e-02  -3.7820473e-02   6.8026342e-02   1.8519648e-04  -1.6133003e-03  -3.1851039e-04
   8.7670562e-02  -8.2975000e-02   5.5539943e-02   8.2193451e-04  -1.3584558e-03  -2.5016688e-04
   8.8167439e-02  -7.2649338e-02   6.9745979e-02  -2.4767998e-04  -1.4727174e-03  -2.1020735e-04
   1.0319868e-01  -6.9788937e-02   7.4049653e-02  -1.1605050e-03  -1.8936557e-03  -4.8510058e-05
   1.1027986e-01  -6.7654363e-02   7.5578616e-02  -1.0456222e-03  -2.5547772e-03  -3.8087705e-04
   9.8417868e-02  -6.4009858e-02   1.2120121e-01  -1.0484810e-03  -2.2396994e-03  -3.0373881e-04
   1.0651454e-01  -1.2258485e-01   1.0183562e-01  -3.3944908e-04  -2.1115213e-03  -3.3832493e-04
   8.2861929e-02  -1.5331363e-01   1.4522211e-01  -7.1470178e-06  -1.4826834e-03  -6.9078105e-04
   6.0738947e-02  -1.8158228e-01   1.0926714e-01  -5.7659881e-05  -1.4696820e-03  -4.6970976e-04
   3.2782814e-02  -1.6465401e-01   1.2713308e-01  -7.5326150e-05  -1.2484151e-03  -2.7215680e-04
  -6.2455039e-03  -1.6885061e-01   1.0493802e-01   2.5653960e-04  -6.4554340e-04  -4.5472016e-04
   1.5168708e-02  -1.7847922e-01   1.7461757e-02   1.3597666e-03  -9.0032093e-04  -3.4153040e-04
  -2.2116907e-03  -2.5410795e-01   4.7835280e-02   2.8752620e-03  -4.1431121e-04  -5.0988125e-04
   2.3385684e-02  -2.2314463e-01   7.3770723e-02   1.5534709e-03  -2.8509936e-04  -2.4148074e-04
   3.6915235e-02  -2.3835868e-01   6.1906226e-02   1.0423762e-03  -5.7681169e-04   2.1320589e-06
   2.2193563e-02  -2.1211896e-01   7.0886865e-02   2.8674395e-04  -5.9051774e-04   5.8806168e-05
   4.5991159e-02  -1.7318411e-01   7.4014773e-02   2.1863772e-04  -7.5289360e-04  -2.9343430e-05
   3.1896520e-02  -1.9580816e-01   7.2602914e-02   5.8651411e-04  -5.9492313e-04   1.9607160e-04
   3.0487144e-02  -2.0447458e-01   6.5492086e-02   5.9195386e-05  -4.1366244e-04  -2.6764299e-04
   3.1293535e-02  -1.5363512e-01   8.4166256e-02  -1.5448979e-03  -1.0459420e-03   1.0020963e-03
   7.0388379e-02  -1.9850919e-01   1.1090262e-01  -5.0390332e-04  -8.6505070e-04   1.1804172e-03
   3.5722403e-02  -2.2723213e-01   8.6324557e-02   6.7435439e-04   1.7058172e-04   1.0401510e-03
   4.4857608e-02  -1.7376028e-01   5.8157257e-02  -6.4770077e-05  -3.3795096e-06   7.8409534e-04
   3.5874571e-02  -2.1286119e-01   5.9074809e-02   5.6998178e-04   5.6470839e-04   7.9968905e-04
   1.2963578e-02  -2.0423439e-01   4.1515494e-02  -3.3354676e-04   8.9233826e-04   1.2900484e-03
   6.8179555e-03  -1.8143873e-01   4.1222368e-02  -4.7166916e-04   1.0375056e-03   1.0704786e-03
  -1.0493544e-02  -1.4099154e-01   8.8343191e-02  -3.6563947e-04   1.8774083e-03   9.4921645e-04
  -1.3654101e-02  -1.6008951e-01   1.0599194e-01  -8.9810355e-04   1.9527524e-03   1.2781048e-03
  -1.0306215e-02  -3.0335933e-01   1.3331465e-01   1.1287768e-04   1.8802497e-03   1.2208776e-03
  -9.5742868e-03  -2.0452274e-01   6.2841451e-02  -1.0414419e-03   1.3425302e-03   1.4014742e-03
   1.9510956e-03  -2.2288146e-01   6.5593806e-02  -1.7102274e-03   1.3207147e-03   2.1564298e-03
   5.6482238e-02  -2.0621841e-01   4.6079439e-02  -2.2496763e-03   9.8605637e-04   3.0018789e-03
   6.2747039e-02  -2.6816702e-01   2.8337655e-02  -2.0107630e-03   2.7733469e-03   3.9756864e-03
   2.5595377e-02  -2.8708344e-01   1.0493121e-02  -1.7587101e-03   4.0367870e-03   3.3884161e-03
   5.5477640e-02  -2.4188013e-01   6.6448844e-02  -1.0031470e-03   3.7434986e-03   3.3076226e-03
   3.0461063e-02  -2.7072601e-01   2.5085845e-02  -4.6944245e-04   2.9627055e-03   3.3605024e-03
   3.4789034e-02  -2.8404575e-01   9.5612650e-02  -8.5253726e-04   2.9420328e-03   3.4096410e-03
   6.9135190e-03  -2.4645022e-01   6.5484634e-02  -1.1873167e-03   3.0462569e-03   3.1821222e-03
  -9.2728553e-03  -2.6327360e-01   4.8944188e-02  -8.9322418e-04   3.5419907e-03   3.2291711e-03
  -1.5622059e-02  -2.4986795e-01   6.8919803e-02  -9.0339747e-04   3.5743656e-03   3.1314395e-03
  -5.8965195e-02  -1.6446400e-01   1.4335147e-01  -2.0470071e-03   4.1534004e-03   2.4062140e-03
  -1.0263724e-01  -2.5832073e-01   1.4854836e-01  -9.5314185e-04   5.0899340e-03   2.2097558e-03
  -9.2467879e-02  -1.8749320e-01   1.1384587e-01  -2.1047202e-03   5.1137525e-03   3.1240050e-03
  -8.0712086e-02  -1.9578928e-01   1.6444777e-01  -2.0014643e-03   5.2995137e-03   3.1443059e-03
  -8.1197996e-02  -2.3514664e-01   1.1280389e-01  -1.6440002e-03   5.8466827e-03   4.1287604e-03
  -4.4322568e-02  -2.3227746e-01   5.3141186e-02  -1.1154630e-03   6.1967966e-03   4.3092255e-03
  -6.8189337e-02  -1.8489885e-01   5.5666953e-03  -1.1188004e-03   6.3499193e-03   3.1980464e-03
  -6.2345496e-02  -2.8038155e-01   3.6960374e-03  -3.7904652e-04   6.1252631e-03   3.4361967e-03
  -4.5784657e-02  -3.0278569e-01   1.2131876e-02  -5.1828657e-04   6.3407607e-03   4.3763270e-03
  -6.3686248e-02  -3.0595296e-01   2.3211014e-02  -1.6575412e-04   6.5615796e-03   4.5472641e-03
  -3.5021809e-02  -2.9981857e-01   1.4989484e-02  -1.7595069e-04   6.7688281e-03   4.4313624e-03
  -4.8455835e-02  -2.8859497e-01  -2.7670755e-02  -3.3706951e-04   6.6837713e-03   4.5235187e-03
  -6.6445365e-02  -2.8993280e-01  -3.1708915e-02  -4.5474021e-04   6.5988751e-03   3.8528303e-03
  -5.7908766e-02  -3.5357594e-01  -2.7030414e-02  -7.7963693e-04   6.4333318e-03   3.6599755e-03
  -4.3705939e-02  -2.0177610e-01  -4.2543697e-02  -2.1391420e-03   6.1289451e-03   3.9333110e-03
  -6.4901616e-02  -2.2089346e-01   1.0852730e-02  -1.9912536e-03   5.7337710e-03   4.1081080e-03
  -6.6169575e-02  -2.5794462e-01   3.1600569e-02  -1.1600672e-03   5.8374432e-03   4.1547712e-03
  -7.4951458e-02  -2.5574783e-01  -2.4388134e-02  -4.6320601e-04   5.6641560e-03   3.6032999e-03
  -1.1053945e-01  -3.2599320e-01  -1.4062769e-03   2.7291969e-05   6.2430657e-03   3.0527173e-03
  -7.8628485e-02  -3.2171948e-01   2.2991293e-02  -2.2678910e-04   6.3820191e-03   3.5093252e-03
  -7.3774733e-02  -2.9958237e-01   1.0764998e-02  -5.3688546e-04   6.1407400e-03   3.2375811e-03
  -9.2908403e-02  -3.0649885e-01   3.9830267e-02  -3.1839330e-04   5.9488741e-03   3.6018969e-03
  -1.0495706e-01  -2.4747744e-01   8.5218100e-02  -1.2346527e-03   5.4869797e-03   3.0179818e-03
  -1.2291864e-01  -2.8329216e-01   7.0934142e-02  -4.7373555e-04   5.8320454e-03   2.8172112e-03
  -1.4570594e-01  -2.8143221e-01   6.9983710e-02  -1.1505544e-03   6.2218655e-03   3.1384485e-03
  -1.3685589e-01  -2.8181891e-01   5.9265411e-02  -1.1696777e-03   6.1624624e-03   3.3216515e-03
  -1.4342936e-01  -3.0228012e-01   9.3620265e-02  -9.6324712e-04   6.2416807e-03   2.9119486e-03
  -1.2768647e-01  -2.7290998e-01   1.2151586e-01  -8.9375668e-04   6.0295637e-03   2.8226766e-03
  -1.1138120e-01  -1.9099800e-01   9.5996590e-02  -1.5604425e-03   5.4785685e-03   2.3448191e-03
