   0.0000000e+00   0.0000000e+00   0.0000000e+00   0.0000000e+00   0.0000000e+00   0.0000000e+00
   3.2562474e-02   2.3037696e-02   1.3854890e-01   8.0256202e-05  -6.1429769e-04  -6.1862826e-04
   3.4974705e-02   1.0429625e-03   1.5847480e-01   3.9405682e-04  -6.1334502e-04  -7.9325511e-04
  -1.9653003e-02  -3.7039722e-02   1.1940940e-01   7.1519845e-04   2.0859864e-04  -1.1671681e-03
   1.5708819e-02   4.5717857e-02   1.5622199e-01   5.6323592e-04  -2.5289711e-04  -6.4008661e-04
   2.8488945e-02   9.3931637e-02   1.9198147e-01  -3.2949810e-04  -4.1631382e-04  -9.7608630e-04
   5.9417873e-02   4.4087142e-02   2.2478981e-01   6.8396689e-04  -6.5559638e-04  -1.1917989e-03
   8.6959609e-02   9.4759692e-02   2.3214342e-01   8.2847372e-04  -1.5464461e-03  -1.1699787e-03
   9.0992495e-02   9.6797063e-02   2.5839230e-01   4.6746315e-04  -1.2375843e-03  -1.3716424e-03
   8.8991728e-02   8.7730508e-02   2.5487672e-01   4.4087996e-04  -1.1379153e-03  -9.8774898e-04
   8.8483932e-02   7.3070438e-02   2.4149252e-01   7.1309207e-04  -1.0699997e-03  -8.8403971e-04
   8.9965116e-02   7.0394005e-02   2.7312453e-01   8.1770165e-06  -7.4761816e-04  -5.8787428e-04
   9.6820486e-02   8.4255612e-02   2.5494901e-01  -8.4320650e-05  -8.5586503e-04  -5.9832512e-04
   9.7452519e-02   6.3232899e-02   2.6263625e-01   3.4598371e-04  -9.9296362e-04  -9.4386037e-04
   1.2066501e-01   7.5928959e-02   2.9035439e-01   1.6208653e-04  -1.2279711e-03  -6.2882697e-04
   1.2497395e-01   9.4069732e-02   3.1028288e-01  -2.8938198e-05  -1.4545701e-03  -9.8690408e-04
   1.1983770e-01   8.6320318e-02   3.0393431e-01   5.8394787e-04  -9.9948574e-04  -9.8122926e-04
   1.1608325e-01   8.1784269e-02   2.6130813e-01   5.3010562e-04  -1.0254238e-03  -6.8472037e-04
   1.2509319e-01   7.0799508e-02   3.0251044e-01   4.9447353e-05  -1.1269813e-03  -1.2946167e-03
   1.3297835e-01   4.8305765e-02   3.1216573e-01  -1.8326849e-04  -1.3700567e-03  -1.2122247e-03
   1.6070820e-01   5.4390201e-02   3.0893327e-01  -2.7105988e-04  -1.7453671e-03  -7.9796692e-04
   1.3767964e-01   7.0714367e-02   2.7457843e-01  -2.7648660e-05  -1.7315478e-03  -8.4198339e-04
   1.5202998e-01   7.5578318e-02   3.1439088e-01  -8.0402448e-04  -1.9482340e-03  -1.1315757e-03
   1.8758460e-01   4.9508658e-02   3.3647260e-01  -1.2990669e-03  -2.4894409e-03  -6.0916724e-04
   1.7036499e-01   6.1975106e-02   3.2570015e-01  -1.2237773e-03  -2.1058194e-03  -7.2579882e-04
   1.6811593e-01   1.0815808e-01   2.7092229e-01  -1.2020328e-03  -2.2069418e-03  -1.2407900e-03
   1.8958025e-01   1.1369663e-01   2.8492711e-01  -1.0132657e-03  -2.4359406e-03  -1.1278061e-03
   1.9539591e-01   4.7338687e-02   3.2164564e-01   7.9374030e-05  -2.4791235e-03  -9.1963570e-04
   1.8497285e-01   5.8383813e-03   3.1016375e-01   6.9418372e-04  -2.2314787e-03  -8.4558095e-04
   1.8568308e-01   1.6188677e-02   3.2427067e-01  -3.8027377e-04  -2.3502890e-03  -8.0979756e-04
   1.9983350e-01   1.6182739e-02   3.2693411e-01  -1.3072172e-03  -2.7591698e-03  -6.4866389e-04
   2.0738675e-01   1.8833346e-02   3.3095697e-01  -1.1739153e-03  -3.4348461e-03  -9.8524033e-04
   1.9526904e-01   2.1691944e-02   3.7624614e-01  -1.1695234e-03  -3.1100004e-03  -9.1688314e-04
   2.0347784e-01  -3.3369134e-02   3.5681604e-01  -4.8610106e-04  -2.9832910e-03  -9.4376367e-04
   1.7987771e-01  -6.3258343e-02   4.0056596e-01  -1.6611173e-04  -2.3509431e-03  -1.2917489e-03
   1.5826826e-01  -9.1290182e-02   3.6434011e-01  -2.1749497e-04  -2.3560722e-03  -1.0769706e-03
   1.3021756e-01  -7.4467156e-02   3.8179271e-01  -2.3546792e-04  -2.1301755e-03  -8.7027487e-04
   9.0287405e-02  -8.1222369e-02   3.6075640e-01   1.2449859e-04  -1.4970769e-03  -1.0624445e-03
   1.1175681e-01  -9.2501753e-02   2.7115373e-01   1.2305769e-03  -1.7606540e-03  -9.4979981e-04
   9.4841868e-02  -1.6600612e-01   3.0133320e-01   2.7485089e-03  -1.2743705e-03  -1.1016888e-03
   1.2132613e-01  -1.3233839e-01   3.2822682e-01   1.3953897e-03  -1.1675256e-03  -8.3995117e-04
   1.3492656e-01  -1.4748770e-01   3.1668270e-01   8.7634956e-04  -1.4651010e-03  -5.9833020e-04
   1.1983547e-01  -1.2450499e-01   3.2617071e-01   1.4086412e-04  -1.4725125e-03  -5.5149867e-04
   1.4324719e-01  -8.8850704e-02   3.2920690e-01   1.2850367e-04  -1.6302678e-03  -6.3710622e-04
   1.2972310e-01  -1.0787186e-01   3.2789296e-01   4.4088788e-04  -1.4802457e-03  -4.1010586e-04
   1.2814569e-01  -1.1651053e-01   3.2057178e-01  -8.6068753e-05  -1.2943975e-03  -8.7501730e-04
   1.2879973e-01  -6.4208229e-02   3.3905762e-01  -1.7255429e-03  -1.9271026e-03   4.0667435e-04
   1.6743651e-01  -1.0825468e-01   3.6577731e-01  -6.8222443e-04  -1.7307408e-03   5.8948248e-04
   1.3293907e-01  -1.4010900e-01   3.3977641e-01   5.3349855e-04  -6.9450490e-04   4.4012929e-04
   1.4213513e-01  -8.7470860e-02   3.1340915e-01  -2.0636031e-04  -8.7384531e-04   1.7649738e-04
   1.3328076e-01  -1.2462264e-01   3.1388899e-01   4.1251844e-04  -3.0237749e-04   1.9964581e-04
   1.0988745e-01  -1.1648560e-01   2.9645836e-01  -4.8784138e-04   4.0819123e-05   6.9485162e-04
   1.0333353e-01  -9.6391802e-02   2.9567194e-01  -5.8701637e-04   1.9557848e-04   4.7050596e-04
   8.7229688e-02  -5.1921412e-02   3.4289388e-01  -5.4074063e-04   1.0116415e-03   3.4001592e-04
   8.3895034e-02  -7.3256245e-02   3.6072330e-01  -1.0505849e-03   1.0893156e-03   6.7027821e-04
   8.7167355e-02  -2.1563757e-01   3.8734609e-01  -3.0617024e-05   1.0251145e-03   6.2064025e-04
   8.7473386e-02  -1.1760300e-01   3.1648779e-01  -1.1798940e-03   4.8992119e-04   7.9523773e-04
   9.8727103e-02  -1.3174231e-01   3.1997251e-01  -1.8933274e-03   4.7769397e-04   1.5522634e-03
   1.5315523e-01  -1.1678685e-01   3.0020684e-01  -2.4159334e-03   1.4719948e-04   2.4009527e-03
   1.6034943e-01  -1.7777864e-01   2.8229256e-01  -2.1851817e-03   1.9239164e-03   3.4056436e-03
   1.2382848e-01  -1.9361307e-01   2.6448310e-01  -1.9708364e-03   3.1807149e-03   2.8050409e-03
   1.5322332e-01  -1.5369508e-01   3.2159203e-01  -1.1654840e-03   2.8940539e-03   2.7258523e-03
   1.2769869e-01  -1.8284745e-01   2.7958262e-01  -6.1265331e-04   2.1160624e-03   2.7679409e-03
   1.3258942e-01  -1.9678923e-01   3.5016829e-01  -1.0019858e-03   2.0802459e-03   2.8039449e-03
   1.0395803e-01  -1.6050933e-01   3.1903922e-01  -1.3126354e-03   2.2063854e-03   2.5881933e-03
   8.8120335e-02  -1.7579329e-01   3.0336559e-01  -1.0388527e-03   2.6976749e-03   2.6350136e-03
   8.2180270e-02  -1.6181823e-01   3.2290580e-01  -1.0653453e-03   2.7180761e-03   2.5336156e-03
   3.8371649e-02  -7.8461417e-02   3.9573086e-01  -2.1996184e-03   3.3089593e-03   1.8021440e-03
  -5.0785262e-03  -1.6907339e-01   4.0089182e-01  -1.1176719e-03   4.2514596e-03   1.6125622e-03
   5.6500374e-03  -9.6991117e-02   3.6689312e-01  -2.2924320e-03   4.2589540e-03   2.5342931e-03
   1.7239319e-02  -1.0632626e-01   4.1736993e-01  -2.1748727e-03   4.4500294e-03   2.5416479e-03
   1.6792537e-02  -1.4674378e-01   3.6492984e-01  -1.8026118e-03   5.0048329e-03   3.5533319e-03
   5.3966445e-02  -1.4011141e-01   3.0496433e-01  -1.3206536e-03   5.3529393e-03   3.7379587e-03
   2.9641185e-02  -9.9205487e-02   2.5794997e-01  -1.2492714e-03   5.5145524e-03   2.5977476e-03
   3.6119438e-02  -1.9256420e-01   2.5612219e-01  -5.3699175e-04   5.2700834e-03   2.8357419e-03
   5.3284804e-02  -2.1033839e-01   2.6579534e-01  -7.2060687e-04   5.4737285e-03   3.7933251e-03
   3.4606992e-02  -2.1314676e-01   2.7662195e-01  -3.8316268e-04   5.7167625e-03   3.9668205e-03
   6.3339898e-02  -2.1014598e-01   2.6824184e-01  -3.5100481e-04   5.9252784e-03   3.8354706e-03
   4.9547110e-02  -1.9927551e-01   2.2433266e-01  -5.0840072e-04   5.8469116e-03   3.9473106e-03
   3.1410370e-02  -2.0208559e-01   2.2145748e-01  -6.0398789e-04   5.7648898e-03   3.2577013e-03
   3.9766318e-02  -2.6549604e-01   2.2666257e-01  -9.4299027e-04   5.6012100e-03   3.0648304e-03
   5.4077536e-02  -1.1502062e-01   2.1030782e-01  -2.2990002e-03   5.2910727e-03   3.3443306e-03
   3.3981984e-02  -1.2831015e-01   2.6420167e-01  -2.2237968e-03   4.8724154e-03   3.5147246e-03
   3.1774743e-02  -1.6589838e-01   2.8612033e-01  -1.3857275e-03   4.9956404e-03   3.5587343e-03
   2.3323170e-02  -1.6733434e-01   2.2896575e-01  -6.2427978e-04   4.8120287e-03   3.0006884e-03
  -1.2564083e-02  -2.3483780e-01   2.5258898e-01  -1.6728917e-04   5.4017244e-03   2.4451177e-03
   1.9823561e-02  -2.3132737e-01   2.7519841e-01  -4.0459672e-04   5.5316810e-03   2.9062739e-03
   2.4445258e-02  -2.0523254e-01   2.6352044e-01  -7.6037243e-04   5.2986672e-03   2.6306780e-03
   4.4878080e-03  -2.1738563e-01   2.9268783e-01  -4.9702063e-04   5.1237519e-03   2.9997727e-03
  -6.4552712e-03  -1.5941000e-01   3.3819796e-01  -1.4068853e-03   4.6249635e-03   2.4144042e-03
  -2.4319648e-02  -1.9379459e-01   3.2436695e-01  -6.5964546e-04   4.9730040e-03   2.2165646e-03
  -4.7267290e-02  -1.9288813e-01   3.2259276e-01  -1.3174206e-03   5.3734661e-03   2.5402896e-03
  -3.7970083e-02  -1.9107470e-01   3.1198317e-01  -1.3634640e-03   5.3016135e-03   2.7132701e-03
  -4.4485999e-02  -2.1050509e-01   3.4687284e-01  -1.1678517e-03   5.3765164e-03   2.2961406e-03
  -2.9116077e-02  -1.8327709e-01   3.7519838e-01  -1.0691094e-03   5.1693978e-03   2.2175552e-03
  -1.2949782e-02  -9.8183715e-02   3.4950037e-01  -1.8110920e-03   4.6172776e-03   1.7528010e-03
   4.7257911e-04  -5.2044820e-03  -3.9584176e-04   7.8330003e-05   9.2413516e-06  -4.4969815e-05
   3.2562929e-02   2.3041178e-02   1.3854404e-01   8.0337715e-05  -6.1421870e-04  -6.1863532e-04
   2.5758153e-03   1.7350331e-02  -4.9222468e-03   1.6825466e-04  -2.0909345e-05  -1.4008783e-04
   2.7861647e-03   1.5757518e-02  -4.0380284e-03   1.9129119e-04  -3.0469442e-05  -1.4491253e-04
   1.6497914e-03   1.4058548e-02  -3.6729758e-03   2.0779353e-04  -1.1711525e-05  -1.5120331e-04
   1.8100918e-03   1.3148164e-02  -4.0348220e-03   2.0401236e-04  -1.6807454e-05  -1.4711393e-04
   2.5721999e-03   1.4764390e-02  -3.5268116e-03   2.0744720e-04  -2.5763248e-05  -1.4571796e-04
   2.1845794e-03   1.5800988e-02  -3.3355319e-03   2.2196049e-04  -2.0645170e-05  -1.5310194e-04
   1.4364067e-03   1.5563698e-02  -2.5786116e-03   2.3470572e-04  -7.4042179e-08  -1.5639698e-04
   1.8499505e-03   1.5398702e-02  -2.7221536e-03   2.2164119e-04  -1.7037058e-05  -1.4607253e-04
   1.5827291e-03   1.5635632e-02  -2.8448825e-03   2.1847631e-04  -1.0160940e-05  -1.4170738e-04
   4.6844830e-04   1.5436514e-02  -2.8838829e-03   2.2415543e-04   1.2954892e-05  -1.2791879e-04
   1.5571803e-03   1.4678050e-02  -3.0991194e-03   2.1959701e-04  -1.7222335e-07  -1.4860005e-04
   1.6097788e-03   1.4408097e-02  -3.2849312e-03   2.1350492e-04   6.0416340e-07  -1.4700446e-04
   1.4774210e-03   1.5009718e-02  -3.5049370e-03   2.0642416e-04   4.4682908e-06  -1.4684782e-04
   1.5908460e-03   1.6270513e-02  -3.2970145e-03   2.1152683e-04  -4.8610976e-06  -1.4750969e-04
   1.5524551e-03   1.6914803e-02  -3.4153688e-03   1.9342365e-04  -1.8650540e-07  -1.3669569e-04
   1.2541824e-03   1.7237056e-02  -3.6137785e-03   1.8856643e-04  -1.3890848e-08  -1.3514590e-04
   1.6572288e-03   1.6451491e-02  -3.0431481e-03   2.0133449e-04   2.7997848e-06  -1.4642401e-04
   1.4540568e-03   1.6747338e-02  -3.7104251e-03   1.9709719e-04   3.7803766e-06  -1.4447700e-04
   1.6535340e-03   1.7153511e-02  -3.8135961e-03   1.8556800e-04  -1.4179023e-06  -1.4833255e-04
   9.2857461e-04   1.6296713e-02  -3.4030473e-03   2.0626154e-04   1.2358425e-05  -1.3306179e-04
   1.5369203e-03   1.5713626e-02  -3.5040182e-03   1.9521671e-04   5.6284787e-06  -1.4427566e-04
   1.7126543e-03   1.5537221e-02  -3.3971412e-03   2.0695609e-04  -2.8135078e-08  -1.4108179e-04
   1.3873396e-03   1.6425419e-02  -3.7878862e-03   1.8347896e-04   3.0298358e-06  -1.3312700e-04
   1.9483916e-03   1.5539451e-02  -4.0317844e-03   1.7448717e-04  -8.4965314e-06  -1.2838912e-04
   1.9383261e-03   1.4749352e-02  -3.7804505e-03   1.8019385e-04  -6.3379608e-06  -1.3894372e-04
   2.2351265e-03   1.3881471e-02  -3.7466510e-03   2.1790689e-04  -1.0253520e-05  -1.6480275e-04
   2.2711504e-03   1.7800124e-02  -4.1537760e-03   1.7126410e-04  -1.1559011e-05  -1.4421745e-04
   1.5706693e-03   1.5630727e-02  -2.9880390e-03   1.9771741e-04   3.4431969e-06  -1.2821673e-04
   6.5842739e-04   1.2770455e-02  -3.5283535e-03   2.0705892e-04   1.7393081e-05  -7.9472102e-05
   2.1029655e-03   1.3788521e-02  -3.1315625e-03   1.9027696e-04  -1.0261611e-05  -1.1614527e-04
   2.0177358e-03   1.6485644e-02  -3.1933901e-03   1.7105028e-04  -7.4576793e-06  -1.3278213e-04
   2.2430598e-03   1.6660298e-02  -4.1888936e-03   1.6837942e-04  -2.0228628e-05  -1.3452561e-04
   1.6596146e-03   1.6190206e-02  -4.1046843e-03   1.7320236e-04  -5.9783830e-06  -1.2677143e-04
   6.3526007e-04   1.3662301e-02  -3.8000238e-03   1.8034703e-04   6.5899612e-06  -9.2376534e-05
   1.6798761e-03   1.4872343e-02  -3.6707082e-03   1.6070581e-04  -8.4146268e-06  -1.0091516e-04
   1.0897092e-03   1.3949098e-02  -3.6829199e-03   1.8291674e-04  -3.9956568e-06  -1.0183271e-04
  -2.5897809e-05   1.3282575e-02  -3.7997770e-03   1.7977554e-04   9.6940093e-06  -7.9796147e-05
   5.4690673e-04   1.5243055e-02  -3.6252958e-03   1.6384051e-04   7.3350434e-06  -1.2753199e-04
   1.7465487e-03   1.5663067e-02  -2.8438567e-03   2.0763288e-04  -1.2189110e-05  -1.3527994e-04
  -3.7560434e-04   1.2586002e-02  -2.5256828e-03   2.1834086e-04   2.8104325e-05  -8.7866598e-05
   4.1156778e-04   1.2827895e-02  -2.9020586e-03   1.9903930e-04   1.2638266e-05  -7.8164185e-05
   1.3093133e-03   1.4089909e-02  -3.7044848e-03   1.7341595e-04  -1.9736321e-06  -8.9751900e-05
   1.8898122e-03   1.7120792e-02  -4.2858870e-03   1.4954232e-04  -4.0390399e-06  -1.3249021e-04
   1.7107962e-03   1.4399134e-02  -3.2217352e-03   2.1528641e-04   2.7109845e-06  -1.4008744e-04
   1.3922969e-03   1.6253514e-02  -4.0900103e-03   1.6779986e-04   7.2148732e-07  -1.2223860e-04
   1.3599014e-03   1.5861946e-02  -4.1415966e-03   1.6783920e-04   1.1786957e-05  -1.3565797e-04
   6.5748583e-04   1.6168918e-02  -4.9404213e-03   1.3569256e-04   3.9786679e-06  -6.6932826e-05
   6.8435132e-05   1.5090629e-02  -3.8313240e-03   1.4963986e-04   2.3720577e-05  -6.3081791e-05
   8.6349258e-04   1.6778033e-02  -2.7983376e-03   1.5062205e-04   2.1203896e-05  -1.1405657e-04
   1.5015789e-03   1.8332805e-02  -4.0770665e-03   1.5304959e-04   1.5152320e-05  -1.2587443e-04
   1.6696836e-03   1.7410378e-02  -3.7954398e-03   1.6071240e-04   1.2326886e-05  -1.2030930e-04
   7.4950183e-04   1.7013743e-02  -4.4593538e-03   1.4993498e-04   2.6495858e-05  -1.1267982e-04
   3.1084170e-04   1.6506364e-02  -3.7096223e-03   1.6568403e-04   4.3230621e-05  -1.1995603e-04
   5.8505888e-04   1.8417177e-02  -4.1090039e-03   1.4361286e-04   4.2551542e-05  -1.1634117e-04
  -6.0389982e-06   1.8162174e-02  -4.5045688e-03   1.4314044e-04   5.4582591e-05  -1.0473501e-04
   5.6040786e-04   1.6753759e-02  -4.1618809e-03   1.4590271e-04   4.0781476e-05  -1.0900367e-04
   1.6348908e-04   1.7228317e-02  -4.8320690e-03   1.3764472e-04   4.6033817e-05  -1.0838754e-04
  -1.0362318e-03   1.4586000e-02  -4.8529615e-03   1.4940539e-04   6.2949762e-05  -5.8350410e-05
  -1.5023366e-03   1.4399864e-02  -5.5375483e-03   1.3802448e-04   7.6995691e-05  -2.4302469e-05
  -9.8064864e-04   1.3284223e-02  -5.3825141e-03   1.4980808e-04   8.4363736e-05  -2.2481933e-05
  -9.4409265e-04   1.3677034e-02  -5.8996406e-03   1.5410310e-04   9.6298789e-05  -2.3572219e-05
   2.1705258e-04   1.7099467e-02  -4.8245224e-03   1.3784198e-04   7.5689234e-05  -7.4106025e-05
   7.9603671e-04   1.6681039e-02  -4.8724363e-03   1.5380511e-04   5.4505056e-05  -8.0160998e-05
  -3.3654634e-04   1.6703971e-02  -5.0294550e-03   1.4277009e-04   7.5861050e-05  -6.5988288e-05
  -3.1711600e-04   1.5960422e-02  -4.6908325e-03   1.4918258e-04   7.4017820e-05  -7.6306379e-05
  -1.7144386e-04   1.6028710e-02  -4.8267159e-03   1.5269333e-04   7.3732035e-05  -7.3592332e-05
  -1.0132920e-03   1.7460190e-02  -5.1555030e-03   1.3857755e-04   8.8955697e-05  -7.4308871e-05
  -1.3014380e-03   1.8099217e-02  -4.3826080e-03   1.3461880e-04   9.6227269e-05  -8.8243818e-05
  -1.6287924e-03   1.4690283e-02  -4.3700069e-03   1.6102872e-04   9.2903595e-05  -8.4831657e-05
  -2.6965045e-03   1.7789033e-02  -5.5140593e-03   1.1318269e-04   1.1326702e-04  -5.1777930e-05
  -1.8293526e-03   1.7588642e-02  -5.1927206e-03   1.2043404e-04   9.9382599e-05  -5.7238692e-05
  -2.4325921e-03   1.4734101e-02  -5.1049434e-03   1.5012987e-04   1.1354323e-04  -3.5472461e-05
  -2.4780681e-03   1.4351667e-02  -5.0728071e-03   1.6157168e-04   1.2490994e-04  -9.9387194e-06
  -2.8860798e-04   1.5025005e-02  -4.9234656e-03   1.7976504e-04   8.6100885e-05  -7.4125202e-05
  -4.4843215e-04   1.6014013e-02  -5.2662703e-03   1.5905036e-04   9.4536895e-05  -5.9353724e-05
  -1.0600386e-03   1.4315410e-02  -5.6762067e-03   1.4986150e-04   1.0116351e-04  -2.2421551e-05
  -1.3689137e-03   1.5209860e-02  -5.7548044e-03   1.3886989e-04   1.1156123e-04  -1.5279807e-05
   4.1530218e-04   1.6658763e-02  -5.3979213e-03   1.3669097e-04   9.0855276e-05  -6.0164184e-05
   1.9716354e-04   1.4998483e-02  -5.3696779e-03   1.5350345e-04   9.9997405e-05  -4.6423931e-05
   2.7202164e-04   1.6806363e-02  -5.4867045e-03   1.4870081e-04   9.1376982e-05  -7.6919322e-05
  -1.1672371e-04   1.6784651e-02  -5.6098605e-03   1.3181785e-04   9.2417058e-05  -7.4521324e-05
  -8.9701278e-04   1.8060083e-02  -6.1515480e-03   1.2988006e-04   1.0826581e-04  -6.5120780e-05
  -1.1130658e-03   1.7691515e-02  -6.2437283e-03   1.1875373e-04   1.0474873e-04  -5.2356690e-05
  -3.1688716e-04   1.8479992e-02  -5.8896266e-03   1.0958116e-04   8.2590505e-05  -5.9970012e-05
  -4.5427250e-04   1.8075052e-02  -5.3199388e-03   1.3162520e-04   8.8379471e-05  -7.1897918e-05
  -3.1278489e-04   1.6581185e-02  -5.2067557e-03   1.4738082e-04   7.9475237e-05  -7.1897935e-05
  -1.5191373e-03   1.4048387e-02  -4.7105326e-03   1.6686808e-04   1.1055341e-04  -3.7195542e-05
  -1.7697071e-03   1.3916563e-02  -6.1863770e-03   1.4735615e-04   1.0754681e-04  -1.9846924e-05
  -3.5723492e-04   1.7529741e-02  -5.1282244e-03   1.3750160e-04   8.6333692e-05  -6.2798431e-05
  -4.7282645e-04   1.8366724e-02  -4.7071755e-03   1.2740081e-04   8.3367919e-05  -8.3398442e-05
  -6.3450128e-04   1.8419424e-02  -5.1374344e-03   1.2468872e-04   8.5486771e-05  -8.4451686e-05
  -1.8125451e-03   1.6296945e-02  -5.0386851e-03   1.4533418e-04   1.0474196e-04  -6.5297405e-05
  -1.7934760e-03   1.7394214e-02  -5.8946419e-03   1.1832873e-04   1.0496592e-04  -5.9182458e-05
  -1.4772433e-03   1.6856043e-02  -5.2131880e-03   1.3649904e-04   9.2874844e-05  -6.6450036e-05
  -1.3783971e-03   1.7696097e-02  -5.2732821e-03   1.2820854e-04   1.0137285e-04  -6.9338899e-05
  -6.6658659e-04   1.8802632e-02  -5.0705350e-03   1.1820564e-04   8.7056857e-05  -8.3226196e-05
   2.7797894e-03   1.5754495e-02  -4.0369460e-03   1.9128275e-04  -3.0413922e-05  -1.4487077e-04
   1.4258448e-03  -8.8895120e-03  -5.8046433e-04   6.5992170e-05  -1.1536140e-05  -7.2643702e-05
