   0.0000000e+00   0.0000000e+00   0.0000000e+00   0.0000000e+00   0.0000000e+00   0.0000000e+00
  -1.5480742e-02  -3.6280583e-02  -1.5580760e-01  -6.2933148e-04   2.4748834e-04   6.7063413e-04
   1.7011652e-02  -2.1745190e-02  -1.7883324e-02  -4.9371702e-04  -3.5759740e-04   1.4659555e-05
   1.9620510e-02  -4.4427051e-02   1.9472604e-03  -1.7312286e-04  -3.6472803e-04  -1.5858872e-04
  -3.5031098e-02  -8.4555426e-02  -3.6881191e-02   1.6241941e-04   4.5210540e-04  -5.3858979e-04
   1.2911103e-02   5.1004215e-02   3.5927010e-02  -9.1699918e-04  -1.6040065e-04  -3.4051268e-04
   4.3733853e-02   2.3993182e-03   6.9577024e-02   7.7558779e-05  -3.9482961e-04  -5.5636683e-04
   7.1108560e-02   5.2375214e-02   7.6099350e-02   2.2629638e-04  -1.2810434e-03  -5.3224460e-04
   7.4846472e-02   5.4107295e-02   1.0271332e-01  -1.1556709e-04  -9.6880794e-04  -7.3792815e-04
   7.3405127e-02   4.5177534e-02   9.9382185e-02  -1.4445841e-04  -8.8103240e-04  -3.5403214e-04
   7.2734843e-02   2.9061901e-02   8.6505895e-02   1.3863582e-04  -8.1339081e-04  -2.4737865e-04
   7.3988298e-02   2.5713241e-02   1.1813636e-01  -5.5492193e-04  -4.8745194e-04   5.2165819e-05
   8.1278422e-02   3.9886007e-02   9.9539082e-02  -6.5234406e-04  -6.0283587e-04   2.6350475e-05
   8.1560164e-02   1.8686719e-02   1.0679558e-01  -2.3052906e-04  -7.2470199e-04  -3.2007095e-04
   1.0477796e-01   3.1985943e-02   1.3462526e-01  -3.9666368e-04  -9.6091431e-04   3.6273870e-06
   1.0858269e-01   4.9532284e-02   1.5448645e-01  -5.9502820e-04  -1.1749415e-03  -3.5649547e-04
   1.0412638e-01   4.2822409e-02   1.4806026e-01   8.1381987e-06  -7.4042556e-04  -3.4768524e-04
   9.9828472e-02   3.5509309e-02   1.0560571e-01  -1.3133185e-05  -7.5160306e-04  -4.5441286e-05
   1.0948118e-01   2.5975097e-02   1.4661357e-01  -5.0684611e-04  -8.6762952e-04  -6.6498419e-04
   1.1786432e-01   5.3150679e-03   1.5616441e-01  -7.6039207e-04  -1.1220775e-03  -5.8249441e-04
   1.4577103e-01   1.0475919e-02   1.5377902e-01  -8.3471991e-04  -1.5014402e-03  -1.5806541e-04
   1.2235717e-01   2.5811869e-02   1.1949931e-01  -5.8244358e-04  -1.4792953e-03  -2.0653915e-04
   1.3699707e-01   3.0102859e-02   1.5894104e-01  -1.3461347e-03  -1.7044756e-03  -5.0342420e-04
   1.7217712e-01   3.3854534e-03   1.8105335e-01  -1.8344935e-03  -2.2313941e-03   2.8301269e-05
   1.5506260e-01   1.4488472e-02   1.6992662e-01  -1.7531109e-03  -1.8561836e-03  -9.5382906e-05
   1.5263250e-01   6.5160638e-02   1.1560842e-01  -1.7977996e-03  -1.9517802e-03  -5.9629455e-04
   1.7414124e-01   6.7550708e-02   1.2907463e-01  -1.5493830e-03  -2.1782537e-03  -5.0891619e-04
   1.7994392e-01   1.3249387e-03   1.6748855e-01  -4.5552480e-04  -2.2210500e-03  -2.8936781e-04
   1.6918913e-01  -4.3491867e-02   1.5511039e-01   1.7585525e-04  -1.9711687e-03  -2.1976225e-04
   1.6988425e-01  -3.2906084e-02   1.6949152e-01  -8.9918860e-04  -2.0884864e-03  -1.8200415e-04
   1.8503655e-01  -2.9843837e-02   1.7344572e-01  -1.8185784e-03  -2.5137130e-03  -2.4100180e-05
   1.9200874e-01  -2.6909006e-02   1.7576410e-01  -1.7128586e-03  -3.1759996e-03  -3.5485416e-04
   1.8022177e-01  -2.4179176e-02   2.2082882e-01  -1.7072444e-03  -2.8605034e-03  -2.7818929e-04
   1.8798840e-01  -8.2593629e-02   2.0127466e-01  -1.0023463e-03  -2.7233033e-03  -3.1317180e-04
   1.6451216e-01  -1.1290659e-01   2.4487606e-01  -6.7367129e-04  -2.0968585e-03  -6.6490950e-04
   1.4234016e-01  -1.4102183e-01   2.0942977e-01  -7.2449731e-04  -2.0847840e-03  -4.4433550e-04
   1.1423769e-01  -1.2412970e-01   2.2727191e-01  -7.4225697e-04  -1.8594010e-03  -2.5059521e-04
   7.5330285e-02  -1.2838551e-01   2.0484860e-01  -4.0579775e-04  -1.2557957e-03  -4.2899010e-04
   9.6708206e-02  -1.3885504e-01   1.1696483e-01   7.0673117e-04  -1.5126595e-03  -3.1763137e-04
   7.9374871e-02  -2.1437781e-01   1.4697373e-01   2.2268616e-03  -1.0251069e-03  -4.7964928e-04
   1.0534165e-01  -1.8311507e-01   1.7288526e-01   8.9372378e-04  -9.0479576e-04  -2.1790696e-04
   1.1886445e-01  -1.9787211e-01   1.6115933e-01   3.6930180e-04  -1.1953136e-03   2.3934320e-05
   1.0401161e-01  -1.7127111e-01   1.7065954e-01  -3.8802738e-04  -1.2082208e-03   7.9698071e-05
   1.2758194e-01  -1.3310295e-01   1.7380840e-01  -4.4227506e-04  -1.3674041e-03  -4.8205612e-06
   1.1355142e-01  -1.5480989e-01   1.7252050e-01  -8.8698766e-05  -1.2108086e-03   2.1766659e-04
   1.1258307e-01  -1.6369831e-01   1.6504559e-01  -6.1656687e-04  -1.0380658e-03  -2.4194714e-04
   1.1358593e-01  -1.1359367e-01   1.8392204e-01  -2.2151273e-03  -1.6750250e-03   1.0201373e-03
   1.5218593e-01  -1.5763715e-01   2.1095902e-01  -1.1798268e-03  -1.4804301e-03   1.2018506e-03
   1.1729086e-01  -1.8794102e-01   1.8617422e-01   2.3215066e-05  -4.3875298e-04   1.0683068e-03
   1.2666079e-01  -1.3334198e-01   1.5785121e-01  -7.2995088e-04  -6.2094352e-04   8.0768135e-04
   1.1742123e-01  -1.7232892e-01   1.5884057e-01  -9.7052145e-05  -4.5011927e-05   8.2803756e-04
   9.4294129e-02  -1.6374932e-01   1.4138773e-01  -9.9869266e-04   2.8870922e-04   1.3183208e-03
   8.8540281e-02  -1.4177339e-01   1.4090578e-01  -1.1268626e-03   4.2695840e-04   1.0993957e-03
   7.1383979e-02  -1.0041130e-01   1.8810125e-01  -1.0355540e-03   1.2630576e-03   9.7659894e-04
   6.8353250e-02  -1.1971640e-01   2.0535812e-01  -1.5688882e-03   1.3360384e-03   1.3021242e-03
   7.1453373e-02  -2.6299667e-01   2.3285054e-01  -5.4662975e-04   1.2722635e-03   1.2521833e-03
   7.2618297e-02  -1.6454604e-01   1.6217459e-01  -1.7014863e-03   7.2414290e-04   1.4256172e-03
   8.4007297e-02  -1.8228142e-01   1.6530397e-01  -2.3821609e-03   7.0306752e-04   2.1835035e-03
   1.3817661e-01  -1.6616216e-01   1.4562042e-01  -2.9154607e-03   3.7894583e-04   3.0285113e-03
   1.4537886e-01  -2.2850514e-01   1.2717493e-01  -2.6740957e-03   2.1504294e-03   4.0082481e-03
   1.0811518e-01  -2.4702013e-01   1.1001296e-01  -2.4269452e-03   3.4193787e-03   3.4145795e-03
   1.3780601e-01  -2.0194741e-01   1.6654564e-01  -1.6662143e-03   3.1273849e-03   3.3360826e-03
   1.1262382e-01  -2.3040621e-01   1.2480787e-01  -1.1350431e-03   2.3479528e-03   3.3890183e-03
   1.1671240e-01  -2.4402203e-01   1.9509685e-01  -1.5164381e-03   2.3305698e-03   3.4353259e-03
   8.9053314e-02  -2.0651862e-01   1.6462128e-01  -1.8477449e-03   2.4325443e-03   3.2087193e-03
   7.2867423e-02  -2.2338754e-01   1.4838838e-01  -1.5563273e-03   2.9282573e-03   3.2565725e-03
   6.6897836e-02  -2.0984373e-01   1.6838551e-01  -1.5661279e-03   2.9534447e-03   3.1607816e-03
   2.3512616e-02  -1.2478006e-01   2.4248827e-01  -2.7075795e-03   3.5332491e-03   2.4348487e-03
  -2.0385102e-02  -2.1806039e-01   2.4726887e-01  -1.6150613e-03   4.4783170e-03   2.2431406e-03
  -9.8362922e-03  -1.4721279e-01   2.1314058e-01  -2.7716697e-03   4.4927738e-03   3.1546802e-03
   1.7955891e-03  -1.5541981e-01   2.6377975e-01  -2.6690184e-03   4.6814952e-03   3.1772162e-03
   1.7409201e-03  -1.9494042e-01   2.1159025e-01  -2.3081118e-03   5.2238053e-03   4.1567991e-03
   3.9095310e-02  -1.9179990e-01   1.5165286e-01  -1.7862496e-03   5.5631752e-03   4.3445553e-03
   1.4142789e-02  -1.4479182e-01   1.0484059e-01  -1.7838817e-03   5.7414952e-03   3.2319739e-03
   2.0313906e-02  -2.4090524e-01   1.0254863e-01  -1.0369003e-03   5.5055265e-03   3.4663424e-03
   3.7096100e-02  -2.6266574e-01   1.1135419e-01  -1.1851161e-03   5.7173650e-03   4.4052870e-03
   1.9153821e-02  -2.6606976e-01   1.2214028e-01  -8.3509397e-04   5.9406763e-03   4.5742882e-03
   4.7746325e-02  -2.6026462e-01   1.1376194e-01  -8.3705934e-04   6.1507312e-03   4.4608779e-03
   3.4551139e-02  -2.4824588e-01   7.0882359e-02  -1.0097397e-03   6.0606299e-03   4.5519813e-03
   1.6497335e-02  -2.5017467e-01   6.6981694e-02  -1.1141541e-03   5.9743279e-03   3.8857538e-03
   2.4758939e-02  -3.1398028e-01   7.1945737e-02  -1.4359034e-03   5.8166892e-03   3.6899106e-03
   3.9341432e-02  -1.6184043e-01   5.6324983e-02  -2.8088190e-03   5.5013339e-03   3.9697023e-03
   1.7983219e-02  -1.8039846e-01   1.1022217e-01  -2.6628715e-03   5.1090492e-03   4.1393076e-03
   1.6389721e-02  -2.1759722e-01   1.3094554e-01  -1.8337434e-03   5.2221630e-03   4.1851878e-03
   7.5921230e-03  -2.1600567e-01   7.4673706e-02  -1.1200804e-03   5.0470173e-03   3.6343991e-03
  -2.7947383e-02  -2.8534472e-01   9.7762993e-02  -6.4287781e-04   5.6244332e-03   3.0875492e-03
   4.3804555e-03  -2.8189334e-01   1.2157637e-01  -8.8956769e-04   5.7572555e-03   3.5443738e-03
   8.8384050e-03  -2.5920083e-01   1.0971842e-01  -1.2074181e-03   5.5247846e-03   3.2715979e-03
  -1.0528577e-02  -2.6652074e-01   1.3884340e-01  -9.7885416e-04   5.3388027e-03   3.6300702e-03
  -2.2182223e-02  -2.0799422e-01   1.8422001e-01  -1.8969252e-03   4.8633295e-03   3.0451039e-03
  -4.0324295e-02  -2.4272141e-01   1.7006146e-01  -1.1443021e-03   5.2132573e-03   2.8476187e-03
  -6.2988719e-02  -2.4166526e-01   1.6872295e-01  -1.8128742e-03   5.6034304e-03   3.1715096e-03
  -5.3922938e-02  -2.4128075e-01   1.5826764e-01  -1.8404768e-03   5.5391785e-03   3.3534615e-03
  -6.0591323e-02  -2.6181641e-01   1.9299395e-01  -1.6313984e-03   5.6196809e-03   2.9443106e-03
  -4.4890409e-02  -2.3268185e-01   2.2051277e-01  -1.5661605e-03   5.4059540e-03   2.8535498e-03
  -2.8285125e-02  -1.4920135e-01   1.9560285e-01  -2.2522841e-03   4.8481170e-03   2.3783538e-03
   1.7012263e-02  -2.1742065e-02  -1.7889154e-02  -4.9363425e-04  -3.5752394e-04   1.4656786e-05
   1.7011652e-02  -2.1745190e-02  -1.7883324e-02  -4.9371702e-04  -3.5759740e-04   1.4659555e-05
